0.0000 0.0000 0.0000
0.0000 0.0000 0.0000
0.0000 0.0000 0.0000
0.0000 0.0000 0.0000
0.0000 0.0000 0.0000
0.0000 0.0000 0.0000
0.0000 0.0000 0.0000
-0.0694 1.7073 -0.0727
-0.0694 1.7073 -0.0727
-0.0764 1.7154 -0.0687
-0.0814 1.7232 -0.0656
-0.0857 1.7312 -0.0626
-0.0887 1.7351 -0.0591
-0.0926 1.7449 -0.0519
-0.0945 1.7471 -0.0447
-0.0961 1.7506 -0.0341
-0.0968 1.7563 -0.0292
-0.0971 1.7659 -0.0177
-0.0966 1.7679 -0.0132
-0.0955 1.7697 -0.0051
-0.0944 1.7751 0.0038
0.0000 0.0000 0.0000
0.0000 0.0000 0.0000
0.0000 0.0000 0.0000
0.0000 0.0000 0.0000
0.0000 0.0000 0.0000
0.0000 0.0000 0.0000
0.0000 0.0000 0.0000
0.0000 0.0000 0.0000
0.0000 0.0000 0.0000
0.0000 0.0000 0.0000
0.0000 0.0000 0.0000
0.0000 0.0000 0.0000
0.0000 0.0000 0.0000
0.0000 0.0000 0.0000
0.0000 0.0000 0.0000
0.0000 0.0000 0.0000
-0.0610 1.7086 -0.0825
-0.0622 1.7066 -0.0802
-0.0694 1.7073 -0.0727
-0.0706 1.7135 -0.0752
-0.0785 1.7254 -0.0713
-0.0826 1.7312 -0.0682
-0.0867 1.7350 -0.0627
-0.0899 1.7438 -0.0600
-0.0926 1.7449 -0.0519
-0.0954 1.7576 -0.0463
-0.0973 1.7619 -0.0337
-0.0976 1.7631 -0.0298
-0.0979 1.7692 -0.0230
-0.0968 1.7739 -0.0099
-0.0965 1.7766 -0.0060
-0.0951 1.7817 0.0035
-0.0941 1.7819 0.0085
-0.0915 1.7853 0.0248
-0.0915 1.7853 0.0248
-0.0899 1.7847 0.0342
-0.0889 1.7835 0.0394
-0.0889 1.7835 0.0394
0.0000 0.0000 0.0000
0.0000 0.0000 0.0000
0.0000 0.0000 0.0000
0.0000 0.0000 0.0000
0.0000 0.0000 0.0000
0.0000 0.0000 0.0000
0.0000 0.0000 0.0000
0.0000 0.0000 0.0000
0.0000 0.0000 0.0000
-0.0590 1.7094 -0.0849
-0.0575 1.7047 -0.0837
-0.0647 1.7171 -0.0836
-0.0688 1.7258 -0.0834
-0.0720 1.7287 -0.0817
-0.0776 1.7410 -0.0788
-0.0823 1.7450 -0.0740
-0.0868 1.7495 -0.0685
-0.0906 1.7631 -0.0629
-0.0938 1.7651 -0.0551
-0.0954 1.7720 -0.0489
-0.0987 1.7756 -0.0349
-0.0991 1.7827 -0.0308
-0.0992 1.7856 -0.0217
-0.0986 1.7920 -0.0139
-0.0978 1.7932 -0.0077
-0.0966 1.7987 0.0005
-0.0940 1.8003 0.0131
-0.0923 1.8044 0.0196
-0.0906 1.7998 0.0275
-0.0898 1.7911 0.0332
-0.0889 1.7835 0.0394
-0.0863 1.7904 0.0477
-0.0863 1.7904 0.0477
0.0000 0.0000 0.0000
0.0000 0.0000 0.0000
0.0000 0.0000 0.0000
0.0000 0.0000 0.0000
0.0000 0.0000 0.0000
0.0000 0.0000 0.0000
0.0000 0.0000 0.0000
0.0000 0.0000 0.0000
-0.0536 1.7066 -0.0877
-0.0592 1.7190 -0.0896
-0.0664 1.7294 -0.0874
-0.0688 1.7388 -0.0881
-0.0720 1.7434 -0.0860
-0.0780 1.7502 -0.0810
-0.0820 1.7520 -0.0764
-0.0876 1.7616 -0.0692
-0.0912 1.7734 -0.0619
-0.0939 1.7805 -0.0558
-0.0951 1.7820 -0.0515
-0.0973 1.7908 -0.0438
-0.0988 1.7928 -0.0337
-0.0991 1.8014 -0.0221
-0.0984 1.8066 -0.0177
-0.0970 1.8087 -0.0049
-0.0954 1.8130 0.0026
-0.0932 1.8111 0.0143
-0.0911 1.8143 0.0221
-0.0886 1.8150 0.0291
-0.0868 1.8108 0.0363
-0.0859 1.8028 0.0428
-0.0836 1.7953 0.0538
-0.0836 1.7953 0.0538
-0.0836 1.7953 0.0538
-0.0836 1.7953 0.0538
0.0000 0.0000 0.0000
0.0000 0.0000 0.0000
0.0000 0.0000 0.0000
0.0000 0.0000 0.0000
0.0000 0.0000 0.0000
-0.0488 1.7094 -0.0926
-0.0538 1.7211 -0.0943
-0.0582 1.7297 -0.0944
-0.0639 1.7433 -0.0939
-0.0685 1.7512 -0.0912
-0.0706 1.7604 -0.0900
-0.0763 1.7645 -0.0849
-0.0785 1.7720 -0.0826
-0.0832 1.7808 -0.0765
-0.0869 1.7862 -0.0709
-0.0907 1.7975 -0.0623
-0.0938 1.7949 -0.0558
-0.0957 1.8036 -0.0468
-0.0952 1.8176 -0.0368
-0.0964 1.8198 -0.0252
-0.0944 1.8256 -0.0125
-0.0950 1.8228 -0.0089
-0.0921 1.8271 0.0033
-0.0898 1.8275 0.0147
-0.0887 1.8249 0.0221
-0.0871 1.8241 0.0279
-0.0834 1.8234 0.0370
-0.0812 1.8154 0.0480
-0.0790 1.8085 0.0579
-0.0775 1.8069 0.0619
-0.0781 1.8047 0.0622
-0.0637 1.8017 0.0861
-0.0637 1.8017 0.0861
0.0000 0.0000 0.0000
0.0000 0.0000 0.0000
0.0000 0.0000 0.0000
-0.0436 1.7118 -0.0966
-0.0491 1.7126 -0.0942
-0.0517 1.7290 -0.0988
-0.0554 1.7385 -0.0990
-0.0578 1.7468 -0.0993
-0.0633 1.7562 -0.0963
-0.0664 1.7725 -0.0947
-0.0720 1.7748 -0.0895
-0.0747 1.7838 -0.0869
-0.0799 1.7923 -0.0801
-0.0834 1.8058 -0.0729
-0.0875 1.8108 -0.0642
-0.0891 1.8189 -0.0563
-0.0918 1.8225 -0.0460
-0.0928 1.8268 -0.0343
-0.0919 1.8325 -0.0261
-0.0898 1.8369 -0.0125
-0.0884 1.8391 -0.0078
-0.0871 1.8386 0.0033
-0.0834 1.8423 0.0122
-0.0842 1.8341 0.0245
-0.0817 1.8352 0.0301
-0.0781 1.8342 0.0393
-0.0792 1.8248 0.0459
-0.0743 1.8229 0.0567
-0.0723 1.8180 0.0645
-0.0715 1.8083 0.0723
-0.0656 1.8041 0.0831
-0.0637 1.8017 0.0861
-0.0637 1.8017 0.0861
0.0000 0.0000 0.0000
0.0000 0.0000 0.0000
-0.0400 1.7187 -0.1012
-0.0464 1.7294 -0.1019
-0.0507 1.7397 -0.1026
-0.0536 1.7450 -0.1021
-0.0553 1.7557 -0.1019
-0.0600 1.7672 -0.0995
-0.0636 1.7795 -0.0971
-0.0666 1.7926 -0.0938
-0.0712 1.7967 -0.0891
-0.0751 1.8095 -0.0828
-0.0768 1.8210 -0.0763
-0.0807 1.8243 -0.0687
-0.0819 1.8357 -0.0558
-0.0848 1.8374 -0.0478
-0.0832 1.8448 -0.0350
-0.0849 1.8443 -0.0276
-0.0804 1.8507 -0.0200
-0.0816 1.8492 -0.0099
-0.0784 1.8518 0.0026
-0.0805 1.8468 0.0130
-0.0772 1.8478 0.0225
-0.0761 1.8437 0.0320
-0.0731 1.8411 0.0412
-0.0712 1.8358 0.0504
-0.0717 1.8288 0.0565
-0.0698 1.8215 0.0657
-0.0670 1.8143 0.0752
-0.0656 1.8041 0.0831
-0.0637 1.8017 0.0861
-0.0637 1.8017 0.0861
0.0000 0.0000 0.0000
-0.0365 1.7168 -0.1020
-0.0390 1.7219 -0.1030
-0.0426 1.7340 -0.1052
-0.0464 1.7454 -0.1060
-0.0509 1.7607 -0.1052
-0.0509 1.7607 -0.1052
-0.0533 1.7781 -0.1042
-0.0621 1.7850 -0.0981
-0.0612 1.7984 -0.0974
-0.0649 1.8137 -0.0910
-0.0683 1.8153 -0.0876
-0.0718 1.8297 -0.0771
-0.0704 1.8410 -0.0685
-0.0734 1.8450 -0.0588
-0.0755 1.8487 -0.0495
-0.0772 1.8504 -0.0401
-0.0781 1.8529 -0.0252
-0.0764 1.8551 -0.0176
-0.0738 1.8571 -0.0062
-0.0751 1.8552 0.0031
-0.0746 1.8535 0.0146
-0.0697 1.8558 0.0231
-0.0705 1.8521 0.0303
-0.0676 1.8481 0.0417
-0.0667 1.8427 0.0504
-0.0665 1.8355 0.0585
-0.0628 1.8330 0.0662
-0.0612 1.8242 0.0760
-0.0639 1.8123 0.0808
-0.0594 1.8046 0.0893
-0.0576 1.8028 0.0915
0.0000 0.0000 0.0000
-0.0353 1.7142 -0.1014
-0.0368 1.7288 -0.1062
-0.0399 1.7377 -0.1077
-0.0422 1.7541 -0.1092
-0.0468 1.7590 -0.1073
-0.0498 1.7726 -0.1062
-0.0537 1.7845 -0.1040
-0.0553 1.7953 -0.1018
-0.0582 1.8107 -0.0968
-0.0615 1.8137 -0.0938
-0.0644 1.8299 -0.0844
-0.0632 1.8400 -0.0774
-0.0673 1.8434 -0.0695
-0.0681 1.8507 -0.0586
-0.0698 1.8551 -0.0476
-0.0710 1.8572 -0.0390
-0.0693 1.8610 -0.0273
-0.0698 1.8616 -0.0158
-0.0680 1.8625 -0.0068
-0.0661 1.8629 0.0046
-0.0677 1.8601 0.0132
-0.0643 1.8597 0.0247
-0.0655 1.8562 0.0317
-0.0640 1.8516 0.0424
-0.0629 1.8474 0.0502
-0.0578 1.8438 0.0618
-0.0590 1.8372 0.0676
-0.0575 1.8288 0.0772
-0.0571 1.8198 0.0840
-0.0559 1.8078 0.0911
-0.0568 1.8032 0.0920
0.0000 0.0000 0.0000
-0.0309 1.7122 -0.1019
-0.0315 1.7324 -0.1090
-0.0375 1.7420 -0.1097
-0.0395 1.7564 -0.1107
-0.0396 1.7694 -0.1114
-0.0449 1.7806 -0.1089
-0.0460 1.7924 -0.1074
-0.0500 1.8063 -0.1030
-0.0493 1.8158 -0.1006
-0.0522 1.8255 -0.0949
-0.0571 1.8350 -0.0862
-0.0557 1.8452 -0.0786
-0.0580 1.8518 -0.0695
-0.0599 1.8559 -0.0608
-0.0611 1.8611 -0.0489
-0.0603 1.8646 -0.0404
-0.0581 1.8688 -0.0279
-0.0617 1.8676 -0.0172
-0.0586 1.8699 -0.0107
-0.0619 1.8660 0.0056
-0.0610 1.8652 0.0129
-0.0590 1.8633 0.0252
-0.0579 1.8609 0.0342
-0.0577 1.8560 0.0443
-0.0537 1.8545 0.0521
-0.0563 1.8447 0.0626
-0.0542 1.8419 0.0681
-0.0527 1.8345 0.0774
-0.0532 1.8235 0.0856
-0.0515 1.8137 0.0924
-0.0480 1.8045 0.0984
-0.0255 1.7151 -0.1046
-0.0288 1.7230 -0.1068
-0.0303 1.7388 -0.1113
-0.0325 1.7461 -0.1119
-0.0357 1.7602 -0.1125
-0.0373 1.7722 -0.1123
-0.0392 1.7794 -0.1117
-0.0413 1.7957 -0.1095
-0.0440 1.8119 -0.1044
-0.0453 1.8162 -0.1025
-0.0466 1.8284 -0.0963
-0.0474 1.8398 -0.0884
-0.0495 1.8498 -0.0782
-0.0486 1.8590 -0.0674
-0.0513 1.8605 -0.0627
-0.0506 1.8673 -0.0495
-0.0533 1.8688 -0.0408
-0.0560 1.8701 -0.0288
-0.0546 1.8721 -0.0173
-0.0550 1.8721 -0.0084
-0.0549 1.8711 0.0026
-0.0520 1.8705 0.0151
-0.0512 1.8688 0.0240
-0.0500 1.8656 0.0353
-0.0513 1.8616 0.0425
-0.0478 1.8568 0.0554
-0.0454 1.8534 0.0630
-0.0488 1.8432 0.0723
-0.0482 1.8342 0.0817
-0.0434 1.8298 0.0888
-0.0427 1.8171 0.0971
-0.0448 1.8076 0.0995
-0.0207 1.7109 -0.1039
-0.0258 1.7242 -0.1082
-0.0261 1.7394 -0.1128
-0.0284 1.7443 -0.1129
-0.0321 1.7641 -0.1140
-0.0332 1.7739 -0.1139
-0.0348 1.7865 -0.1129
-0.0358 1.8002 -0.1112
-0.0356 1.8131 -0.1076
-0.0390 1.8215 -0.1031
-0.0393 1.8361 -0.0951
-0.0414 1.8461 -0.0866
-0.0387 1.8520 -0.0822
-0.0442 1.8599 -0.0698
-0.0433 1.8674 -0.0581
-0.0449 1.8693 -0.0520
-0.0440 1.8727 -0.0445
-0.0437 1.8764 -0.0290
-0.0439 1.8773 -0.0221
-0.0449 1.8779 -0.0075
-0.0459 1.8764 0.0028
-0.0439 1.8754 0.0133
-0.0423 1.8731 0.0248
-0.0448 1.8682 0.0362
-0.0431 1.8650 0.0455
-0.0446 1.8604 0.0531
-0.0427 1.8532 0.0657
-0.0435 1.8465 0.0734
-0.0384 1.8411 0.0828
-0.0407 1.8330 0.0882
-0.0408 1.8213 0.0957
-0.0383 1.8109 0.1020
-0.0207 1.7109 -0.1039
-0.0176 1.7261 -0.1104
-0.0217 1.7363 -0.1127
-0.0215 1.7528 -0.1157
-0.0245 1.7661 -0.1163
-0.0262 1.7746 -0.1163
-0.0293 1.7874 -0.1149
-0.0295 1.8015 -0.1134
-0.0329 1.8127 -0.1088
-0.0336 1.8266 -0.1026
-0.0330 1.8383 -0.0961
-0.0330 1.8486 -0.0884
-0.0339 1.8552 -0.0813
-0.0332 1.8644 -0.0704
-0.0328 1.8688 -0.0641
-0.0357 1.8726 -0.0525
-0.0365 1.8749 -0.0453
-0.0369 1.8785 -0.0304
-0.0373 1.8801 -0.0203
-0.0386 1.8803 -0.0061
-0.0385 1.8794 0.0027
-0.0375 1.8778 0.0149
-0.0378 1.8749 0.0252
-0.0375 1.8723 0.0337
-0.0345 1.8683 0.0469
-0.0372 1.8625 0.0563
-0.0353 1.8559 0.0680
-0.0322 1.8531 0.0736
-0.0312 1.8431 0.0852
-0.0347 1.8333 0.0914
-0.0340 1.8214 0.0989
-0.0307 1.8126 0.1042
-0.0126 1.7148 -0.1069
-0.0156 1.7252 -0.1105
-0.0163 1.7401 -0.1147
-0.0164 1.7531 -0.1167
-0.0188 1.7646 -0.1173
-0.0187 1.7748 -0.1178
-0.0209 1.7929 -0.1163
-0.0210 1.8036 -0.1146
-0.0251 1.8138 -0.1108
-0.0238 1.8278 -0.1049
-0.0261 1.8392 -0.0976
-0.0261 1.8509 -0.0884
-0.0250 1.8558 -0.0837
-0.0267 1.8652 -0.0718
-0.0274 1.8699 -0.0645
-0.0292 1.8745 -0.0531
-0.0279 1.8777 -0.0442
-0.0325 1.8800 -0.0293
-0.0320 1.8814 -0.0221
-0.0261 1.8835 -0.0091
-0.0311 1.8818 0.0008
-0.0301 1.8798 0.0159
-0.0292 1.8781 0.0237
-0.0317 1.8738 0.0353
-0.0283 1.8700 0.0480
-0.0308 1.8657 0.0552
-0.0277 1.8593 0.0684
-0.0253 1.8548 0.0754
-0.0225 1.8462 0.0859
-0.0290 1.8363 0.0920
-0.0261 1.8212 0.1018
-0.0241 1.8134 0.1056
-0.0092 1.7129 -0.1066
-0.0111 1.7299 -0.1127
-0.0121 1.7476 -0.1166
-0.0117 1.7531 -0.1174
-0.0146 1.7660 -0.1182
-0.0176 1.7781 -0.1181
-0.0163 1.7968 -0.1168
-0.0143 1.8052 -0.1155
-0.0156 1.8161 -0.1121
-0.0153 1.8281 -0.1067
-0.0181 1.8418 -0.0977
-0.0180 1.8526 -0.0890
-0.0203 1.8598 -0.0810
-0.0220 1.8645 -0.0744
-0.0216 1.8730 -0.0600
-0.0201 1.8764 -0.0527
-0.0198 1.8801 -0.0413
-0.0183 1.8824 -0.0328
-0.0209 1.8841 -0.0176
-0.0203 1.8847 -0.0056
-0.0198 1.8842 0.0009
-0.0213 1.8816 0.0173
-0.0228 1.8797 0.0236
-0.0186 1.8755 0.0397
-0.0205 1.8717 0.0488
-0.0217 1.8689 0.0541
-0.0190 1.8598 0.0714
-0.0174 1.8564 0.0763
-0.0180 1.8466 0.0869
-0.0180 1.8371 0.0948
-0.0192 1.8225 0.1027
-0.0166 1.8131 0.1068
-0.0061 1.7135 -0.1070
-0.0063 1.7301 -0.1132
-0.0048 1.7438 -0.1166
-0.0085 1.7566 -0.1183
-0.0094 1.7662 -0.1188
-0.0058 1.7791 -0.1197
-0.0077 1.7947 -0.1180
-0.0119 1.8065 -0.1154
-0.0092 1.8172 -0.1125
-0.0123 1.8277 -0.1074
-0.0097 1.8423 -0.0986
-0.0112 1.8533 -0.0895
-0.0109 1.8601 -0.0825
-0.0082 1.8670 -0.0737
-0.0106 1.8741 -0.0608
-0.0120 1.8781 -0.0515
-0.0106 1.8804 -0.0446
-0.0091 1.8837 -0.0318
-0.0095 1.8855 -0.0207
-0.0129 1.8858 -0.0087
-0.0132 1.8851 0.0029
-0.0126 1.8831 0.0173
-0.0157 1.8809 0.0240
-0.0125 1.8770 0.0386
-0.0120 1.8742 0.0465
-0.0123 1.8700 0.0559
-0.0114 1.8625 0.0695
-0.0141 1.8567 0.0768
-0.0109 1.8493 0.0855
-0.0104 1.8380 0.0954
-0.0093 1.8277 0.1017
-0.0103 1.8120 0.1078
-0.0024 1.7122 -0.1063
-0.0025 1.7313 -0.1140
-0.0002 1.7463 -0.1174
-0.0029 1.7541 -0.1183
-0.0032 1.7674 -0.1194
-0.0031 1.7802 -0.1199
-0.0027 1.7921 -0.1186
-0.0042 1.8083 -0.1155
-0.0036 1.8163 -0.1133
-0.0026 1.8285 -0.1078
-0.0045 1.8428 -0.0987
-0.0023 1.8531 -0.0906
-0.0037 1.8607 -0.0826
-0.0031 1.8687 -0.0716
-0.0017 1.8753 -0.0596
-0.0034 1.8785 -0.0520
-0.0035 1.8809 -0.0448
-0.0051 1.8837 -0.0333
-0.0047 1.8858 -0.0215
-0.0052 1.8866 -0.0072
-0.0023 1.8864 0.0019
-0.0065 1.8843 0.0147
-0.0053 1.8815 0.0265
-0.0012 1.8780 0.0389
-0.0026 1.8742 0.0486
-0.0054 1.8695 0.0584
-0.0015 1.8630 0.0700
-0.0042 1.8551 0.0801
-0.0020 1.8481 0.0877
-0.0026 1.8382 0.0960
-0.0020 1.8296 0.1013
-0.0040 1.8125 0.1079
0.0007 1.7117 -0.1060
0.0043 1.7296 -0.1137
0.0020 1.7488 -0.1180
0.0061 1.7525 -0.1180
0.0015 1.7669 -0.1197
0.0046 1.7779 -0.1200
0.0021 1.7915 -0.1191
0.0028 1.8049 -0.1169
0.0047 1.8208 -0.1122
0.0025 1.8302 -0.1074
0.0054 1.8397 -0.1013
0.0020 1.8525 -0.0916
0.0052 1.8630 -0.0802
0.0029 1.8685 -0.0724
0.0019 1.8733 -0.0642
0.0060 1.8785 -0.0515
0.0035 1.8811 -0.0442
0.0058 1.8842 -0.0304
0.0036 1.8862 -0.0170
0.0080 1.8862 -0.0042
0.0039 1.8864 -0.0002
0.0072 1.8843 0.0129
0.0029 1.8817 0.0258
0.0050 1.8777 0.0381
0.0032 1.8747 0.0466
0.0060 1.8698 0.0570
0.0049 1.8622 0.0704
0.0011 1.8578 0.0768
0.0064 1.8498 0.0853
0.0039 1.8376 0.0963
0.0056 1.8243 0.1036
0.0044 1.8130 0.1077
0.0071 1.7130 -0.1064
0.0069 1.7316 -0.1137
0.0054 1.7387 -0.1160
0.0061 1.7525 -0.1180
0.0097 1.7637 -0.1186
0.0105 1.7778 -0.1192
0.0092 1.7943 -0.1179
0.0083 1.8082 -0.1152
0.0137 1.8162 -0.1121
0.0123 1.8319 -0.1049
0.0130 1.8408 -0.0991
0.0136 1.8520 -0.0901
0.0138 1.8577 -0.0842
0.0091 1.8683 -0.0712
0.0156 1.8727 -0.0623
0.0128 1.8785 -0.0490
0.0123 1.8812 -0.0404
0.0124 1.8828 -0.0336
0.0136 1.8847 -0.0226
0.0123 1.8855 -0.0107
0.0131 1.8847 0.0044
0.0157 1.8831 0.0129
0.0106 1.8811 0.0248
0.0137 1.8763 0.0389
0.0156 1.8735 0.0455
0.0161 1.8671 0.0594
0.0151 1.8612 0.0696
0.0107 1.8558 0.0782
0.0141 1.8482 0.0855
0.0126 1.8384 0.0947
0.0125 1.8253 0.1029
0.0102 1.8128 0.1075
0.0132 1.7116 -0.1051
0.0113 1.7247 -0.1110
0.0139 1.7377 -0.1144
0.0139 1.7507 -0.1166
0.0152 1.7623 -0.1177
0.0122 1.7776 -0.1189
0.0166 1.7893 -0.1174
0.0196 1.8051 -0.1143
0.0186 1.8163 -0.1113
0.0166 1.8314 -0.1045
0.0181 1.8411 -0.0980
0.0203 1.8500 -0.0906
0.0201 1.8575 -0.0831
0.0240 1.8663 -0.0702
0.0209 1.8714 -0.0632
0.0251 1.8736 -0.0558
0.0195 1.8792 -0.0434
0.0204 1.8821 -0.0304
0.0180 1.8843 -0.0179
0.0222 1.8838 -0.0068
0.0235 1.8827 0.0050
0.0205 1.8818 0.0158
0.0230 1.8795 0.0224
0.0256 1.8733 0.0401
0.0206 1.8717 0.0477
0.0208 1.8668 0.0577
0.0226 1.8606 0.0675
0.0184 1.8545 0.0774
0.0224 1.8471 0.0841
0.0186 1.8379 0.0936
0.0197 1.8247 0.1014
0.0212 1.8166 0.1046
0.0144 1.7121 -0.1051
0.0135 1.7254 -0.1108
0.0157 1.7368 -0.1139
0.0170 1.7518 -0.1163
0.0179 1.7592 -0.1171
0.0191 1.7745 -0.1176
0.0223 1.7889 -0.1161
0.0246 1.8019 -0.1139
0.0233 1.8170 -0.1099
0.0273 1.8254 -0.1048
0.0309 1.8368 -0.0972
0.0281 1.8463 -0.0909
0.0280 1.8541 -0.0837
0.0294 1.8641 -0.0712
0.0278 1.8701 -0.0624
0.0292 1.8741 -0.0522
0.0303 1.8777 -0.0402
0.0301 1.8797 -0.0330
0.0324 1.8805 -0.0228
0.0295 1.8821 -0.0090
0.0326 1.8804 0.0043
0.0284 1.8804 0.0127
0.0299 1.8769 0.0247
0.0303 1.8728 0.0371
0.0302 1.8694 0.0462
0.0283 1.8643 0.0578
0.0281 1.8587 0.0668
0.0261 1.8528 0.0757
0.0298 1.8449 0.0825
0.0268 1.8339 0.0931
0.0260 1.8224 0.1003
0.0264 1.8154 0.1037
0.0185 1.7108 -0.1036
0.0193 1.7254 -0.1095
0.0221 1.7352 -0.1118
0.0239 1.7478 -0.1139
0.0269 1.7597 -0.1149
0.0246 1.7716 -0.1160
0.0303 1.7858 -0.1143
0.0297 1.8039 -0.1120
0.0295 1.8139 -0.1091
0.0327 1.8244 -0.1036
0.0362 1.8357 -0.0960
0.0355 1.8478 -0.0873
0.0348 1.8552 -0.0802
0.0372 1.8587 -0.0752
0.0320 1.8683 -0.0638
0.0387 1.8714 -0.0509
0.0371 1.8753 -0.0407
0.0377 1.8773 -0.0320
0.0428 1.8774 -0.0178
0.0365 1.8801 -0.0100
0.0387 1.8784 0.0045
0.0388 1.8769 0.0132
0.0368 1.8749 0.0232
0.0347 1.8727 0.0332
0.0366 1.8671 0.0454
0.0371 1.8616 0.0556
0.0364 1.8560 0.0646
0.0344 1.8495 0.0746
0.0364 1.8416 0.0817
0.0345 1.8305 0.0916
0.0337 1.8204 0.0980
0.0329 1.8085 0.1040
0.0236 1.7095 -0.1019
0.0250 1.7211 -0.1065
0.0246 1.7353 -0.1112
0.0278 1.7515 -0.1135
0.0303 1.7624 -0.1141
0.0342 1.7753 -0.1133
0.0330 1.7869 -0.1134
0.0379 1.7955 -0.1104
0.0381 1.8131 -0.1061
0.0379 1.8221 -0.1026
0.0409 1.8317 -0.0962
0.0426 1.8439 -0.0865
0.0403 1.8535 -0.0788
0.0436 1.8577 -0.0720
0.0468 1.8622 -0.0625
0.0457 1.8682 -0.0517
0.0460 1.8711 -0.0438
0.0458 1.8748 -0.0276
0.0469 1.8754 -0.0193
0.0476 1.8755 -0.0094
0.0469 1.8744 0.0059
0.0458 1.8734 0.0142
0.0446 1.8703 0.0270
0.0477 1.8665 0.0327
0.0436 1.8637 0.0450
0.0442 1.8578 0.0548
0.0429 1.8527 0.0637
0.0414 1.8452 0.0740
0.0413 1.8388 0.0806
0.0406 1.8285 0.0894
0.0387 1.8192 0.0962
0.0370 1.8087 0.1021
0.0272 1.7091 -0.1008
0.0270 1.7156 -0.1037
0.0296 1.7333 -0.1093
0.0307 1.7460 -0.1119
0.0346 1.7587 -0.1123
0.0388 1.7737 -0.1112
0.0395 1.7771 -0.1109
0.0426 1.7896 -0.1087
0.0431 1.8052 -0.1061
0.0441 1.8173 -0.1020
0.0499 1.8271 -0.0941
0.0528 1.8327 -0.0892
0.0492 1.8474 -0.0794
0.0513 1.8526 -0.0723
0.0506 1.8613 -0.0604
0.0517 1.8651 -0.0513
0.0517 1.8678 -0.0439
0.0564 1.8684 -0.0314
0.0539 1.8717 -0.0165
0.0526 1.8726 -0.0060
0.0554 1.8693 0.0038
0.0544 1.8688 0.0113
0.0518 1.8673 0.0230
0.0518 1.8629 0.0354
0.0489 1.8605 0.0448
0.0498 1.8556 0.0520
0.0481 1.8501 0.0620
0.0466 1.8430 0.0719
0.0481 1.8352 0.0779
0.0449 1.8266 0.0876
0.0464 1.8153 0.0933
0.0370 1.8031 0.1042
0.0000 0.0000 0.0000
0.0310 1.7107 -0.1002
0.0344 1.7308 -0.1067
0.0357 1.7398 -0.1090
0.0395 1.7527 -0.1094
0.0406 1.7611 -0.1099
0.0455 1.7803 -0.1081
0.0476 1.7851 -0.1065
0.0510 1.8015 -0.1028
0.0550 1.8092 -0.0983
0.0559 1.8228 -0.0926
0.0575 1.8293 -0.0884
0.0604 1.8405 -0.0778
0.0609 1.8458 -0.0714
0.0621 1.8518 -0.0625
0.0610 1.8593 -0.0517
0.0653 1.8593 -0.0416
0.0605 1.8662 -0.0299
0.0633 1.8653 -0.0152
0.0637 1.8649 -0.0081
0.0599 1.8657 0.0079
0.0600 1.8642 0.0138
0.0608 1.8614 0.0228
0.0614 1.8562 0.0353
0.0574 1.8551 0.0427
0.0558 1.8519 0.0500
0.0547 1.8441 0.0619
0.0546 1.8362 0.0700
0.0529 1.8289 0.0785
0.0523 1.8191 0.0857
0.0501 1.8143 0.0908
0.0370 1.8031 0.1042
0.0000 0.0000 0.0000
0.0335 1.7137 -0.1006
0.0377 1.7191 -0.1013
0.0414 1.7388 -0.1064
0.0446 1.7407 -0.1054
0.0485 1.7530 -0.1048
0.0519 1.7711 -0.1039
0.0542 1.7809 -0.1028
0.0535 1.7882 -0.1027
0.0583 1.8036 -0.0977
0.0627 1.8111 -0.0921
0.0632 1.8235 -0.0869
0.0641 1.8318 -0.0814
0.0683 1.8407 -0.0692
0.0694 1.8474 -0.0595
0.0717 1.8508 -0.0498
0.0723 1.8532 -0.0427
0.0734 1.8565 -0.0248
0.0724 1.8576 -0.0165
0.0679 1.8615 -0.0085
0.0696 1.8587 0.0024
0.0655 1.8602 0.0128
0.0650 1.8578 0.0240
0.0656 1.8541 0.0321
0.0642 1.8485 0.0430
0.0629 1.8462 0.0484
0.0617 1.8389 0.0583
0.0602 1.8296 0.0687
0.0585 1.8221 0.0766
0.0566 1.8190 0.0808
0.0586 1.8086 0.0850
0.0586 1.8086 0.0850
0.0000 0.0000 0.0000
0.0372 1.7094 -0.0974
0.0390 1.7128 -0.0983
0.0437 1.7315 -0.1029
0.0468 1.7409 -0.1042
0.0509 1.7509 -0.1031
0.0547 1.7617 -0.1019
0.0581 1.7710 -0.0998
0.0589 1.7792 -0.0994
0.0627 1.7942 -0.0955
0.0699 1.7957 -0.0891
0.0701 1.8108 -0.0858
0.0746 1.8230 -0.0762
0.0785 1.8282 -0.0672
0.0760 1.8383 -0.0615
0.0769 1.8437 -0.0516
0.0774 1.8493 -0.0378
0.0783 1.8515 -0.0228
0.0777 1.8522 -0.0174
0.0789 1.8505 -0.0058
0.0735 1.8549 0.0016
0.0769 1.8489 0.0129
0.0730 1.8498 0.0241
0.0712 1.8476 0.0322
0.0683 1.8450 0.0416
0.0667 1.8380 0.0516
0.0640 1.8355 0.0579
0.0636 1.8263 0.0664
0.0647 1.8152 0.0728
0.0624 1.8074 0.0810
0.0586 1.8086 0.0850
0.0721 1.7907 0.0727
0.0000 0.0000 0.0000
0.0000 0.0000 0.0000
0.0409 1.7102 -0.0960
0.0436 1.7114 -0.0951
0.0497 1.7331 -0.1000
0.0509 1.7400 -0.1013
0.0579 1.7528 -0.0986
0.0612 1.7616 -0.0969
0.0642 1.7693 -0.0950
0.0700 1.7827 -0.0901
0.0721 1.7847 -0.0879
0.0751 1.7976 -0.0835
0.0815 1.8040 -0.0741
0.0816 1.8194 -0.0685
0.0855 1.8186 -0.0615
0.0870 1.8294 -0.0489
0.0857 1.8382 -0.0373
0.0879 1.8380 -0.0270
0.0845 1.8435 -0.0171
0.0828 1.8449 -0.0030
0.0836 1.8428 0.0024
0.0832 1.8391 0.0142
0.0779 1.8430 0.0233
0.0755 1.8416 0.0323
0.0756 1.8353 0.0393
0.0723 1.8329 0.0472
0.0684 1.8265 0.0593
0.0713 1.8134 0.0631
0.0687 1.8044 0.0728
0.0696 1.7985 0.0746
0.0721 1.7907 0.0727
0.0721 1.7907 0.0727
0.0000 0.0000 0.0000
0.0000 0.0000 0.0000
0.0000 0.0000 0.0000
0.0465 1.7095 -0.0926
0.0531 1.7193 -0.0927
0.0536 1.7312 -0.0969
0.0605 1.7416 -0.0946
0.0652 1.7517 -0.0926
0.0673 1.7593 -0.0917
0.0737 1.7648 -0.0855
0.0769 1.7723 -0.0825
0.0806 1.7801 -0.0780
0.0824 1.7930 -0.0747
0.0895 1.7951 -0.0623
0.0911 1.8062 -0.0560
0.0931 1.8103 -0.0475
0.0921 1.8242 -0.0383
0.0916 1.8287 -0.0292
0.0911 1.8315 -0.0136
0.0906 1.8317 -0.0065
0.0874 1.8355 0.0021
0.0861 1.8341 0.0124
0.0861 1.8297 0.0200
0.0825 1.8296 0.0297
0.0784 1.8265 0.0411
0.0762 1.8208 0.0495
0.0755 1.8180 0.0528
0.0739 1.8086 0.0615
0.0719 1.7963 0.0711
0.0721 1.7907 0.0727
0.0721 1.7907 0.0727
0.0000 0.0000 0.0000
0.0000 0.0000 0.0000
0.0000 0.0000 0.0000
0.0000 0.0000 0.0000
0.0499 1.7124 -0.0922
0.0511 1.7048 -0.0868
0.0563 1.7176 -0.0894
0.0624 1.7261 -0.0879
0.0680 1.7392 -0.0871
0.0710 1.7407 -0.0844
0.0733 1.7562 -0.0850
0.0776 1.7639 -0.0811
0.0827 1.7685 -0.0747
0.0864 1.7793 -0.0696
0.0911 1.7840 -0.0601
0.0950 1.7867 -0.0506
0.0961 1.7927 -0.0443
0.0975 1.8056 -0.0303
0.0964 1.8132 -0.0258
0.0964 1.8142 -0.0146
0.0961 1.8097 -0.0050
0.0933 1.8155 0.0060
0.0925 1.8176 0.0077
0.0880 1.8188 0.0245
0.0873 1.8147 0.0283
0.0838 1.8110 0.0382
0.0808 1.8120 0.0446
0.0786 1.8065 0.0520
0.0782 1.7973 0.0575
0.0757 1.7896 0.0659
0.0721 1.7907 0.0727
0.0000 0.0000 0.0000
0.0000 0.0000 0.0000
0.0000 0.0000 0.0000
0.0000 0.0000 0.0000
0.0000 0.0000 0.0000
0.0000 0.0000 0.0000
0.0534 1.7065 -0.0859
0.0534 1.7065 -0.0859
0.0614 1.7147 -0.0839
0.0680 1.7237 -0.0810
0.0693 1.7306 -0.0828
0.0756 1.7400 -0.0789
0.0808 1.7460 -0.0734
0.0848 1.7488 -0.0687
0.0888 1.7596 -0.0637
0.0913 1.7623 -0.0580
0.0943 1.7742 -0.0523
0.0967 1.7851 -0.0422
0.0987 1.7863 -0.0307
0.0984 1.7919 -0.0256
0.0976 1.7962 -0.0117
0.0965 1.8000 -0.0051
0.0936 1.7966 0.0090
0.0936 1.7966 0.0090
0.0904 1.8036 0.0206
0.0876 1.8009 0.0301
0.0860 1.8015 0.0351
0.0843 1.7948 0.0415
0.0817 1.7921 0.0505
0.0807 1.7893 0.0546
0.0757 1.7896 0.0659
0.0000 0.0000 0.0000
0.0000 0.0000 0.0000
0.0000 0.0000 0.0000
0.0000 0.0000 0.0000
0.0000 0.0000 0.0000
0.0000 0.0000 0.0000
0.0000 0.0000 0.0000
0.0000 0.0000 0.0000
0.0594 1.7104 -0.0832
0.0613 1.7052 -0.0778
0.0632 1.7069 -0.0768
0.0683 1.7132 -0.0751
0.0760 1.7230 -0.0705
0.0812 1.7317 -0.0676
0.0835 1.7385 -0.0667
0.0879 1.7399 -0.0581
0.0918 1.7521 -0.0550
0.0944 1.7580 -0.0477
0.0962 1.7622 -0.0365
0.0976 1.7705 -0.0286
0.0979 1.7760 -0.0233
0.0962 1.7780 -0.0079
0.0952 1.7835 -0.0010
0.0948 1.7868 0.0014
0.0933 1.7861 0.0072
0.0902 1.7870 0.0197
0.0882 1.7873 0.0276
0.0874 1.7893 0.0307
0.0838 1.7896 0.0445
0.0824 1.7884 0.0493
0.0000 0.0000 0.0000
0.0000 0.0000 0.0000
0.0000 0.0000 0.0000
0.0000 0.0000 0.0000
0.0000 0.0000 0.0000
